#wave = wavelength (um)
#flux = flux (W/cm^2/um)
#stdev = standard deviation of flux measurement (W/cm^2/um)
#det = LWS detector number (0-9)
#line = LWS line number (0-9)
#
#wave    flux         stdev           det   line
 43.7423  2.00687e-18  1.24187e-19      0      3
 43.8116  2.27718e-18  1.17919e-19      0      3
 43.8808  2.32282e-18  1.04792e-19      0      3
 43.9500  2.40270e-18  1.19795e-19      0      3
 44.0191  2.32755e-18  1.11814e-19      0      3
 44.0882  2.51069e-18  1.60925e-19      0      3
 44.1572  2.34979e-18  1.29311e-19      0      3
 44.2261  2.44140e-18  1.12953e-19      0      3
 44.2950  2.39530e-18  1.18682e-19      0      3
 44.3638  2.33937e-18  1.11411e-19      0      3
 44.4326  2.20731e-18  1.01517e-19      0      3
 44.5013  2.19106e-18  8.63423e-20      0      3
 44.5700  2.21810e-18  8.46542e-20      0      3
 44.6386  2.25263e-18  8.34039e-20      0      3
 44.7072  2.39013e-18  1.09625e-19      0      3
 44.7757  2.30194e-18  1.14465e-19      0      3
 44.8373  2.39859e-18  1.13969e-19      0      3
 44.9057  2.25813e-18  8.72453e-20      0      3
 44.9741  2.22523e-18  9.20655e-20      0      3
 45.0424  2.07816e-18  1.23301e-19      0      3
 53.7062  1.51511e-18  2.64146e-19      1      3
 53.7761  1.51047e-18  1.70233e-19      1      3
 53.8459  1.50356e-18  1.44494e-19      1      3
 53.9157  1.52616e-18  1.15020e-19      1      3
 53.9854  1.42405e-18  1.21555e-19      1      3
 54.0550  1.33691e-18  1.24608e-19      1      3
 54.1246  1.23518e-18  1.28459e-19      1      3
 54.1941  1.66078e-18  1.31597e-19      1      3
 54.2635  1.23728e-18  1.50833e-19      1      3
 54.3329  1.22286e-18  1.12178e-19      1      3
 54.4022  1.23377e-18  1.35839e-19      1      3
 54.4715  1.64615e-18  1.25504e-19      1      3
 54.5407  1.26207e-18  8.88919e-20      1      3
 54.6099  1.51607e-18  9.39889e-20      1      3
 54.6790  1.43213e-18  1.26997e-19      1      3
 54.7480  1.13511e-18  1.28250e-19      1      3
 54.8101  1.34632e-18  1.15663e-19      1      3
 54.8790  1.33779e-18  1.45564e-19      1      3
 54.9479  1.45716e-18  1.33027e-19      1      3
 55.0167  1.31252e-18  2.09385e-19      1      3
 63.6439  1.65335e-18  3.00211e-20      2      3
 63.7132  1.65639e-18  3.39799e-20      2      3
 63.7825  1.68524e-18  4.09445e-20      2      3
 63.8517  1.66916e-18  3.85953e-20      2      3
 63.9209  1.69908e-18  3.87047e-20      2      3
 63.9900  1.66913e-18  3.17297e-20      2      3
 64.0590  1.65907e-18  3.28630e-20      2      3
 64.1279  1.71082e-18  3.57359e-20      2      3
 64.1968  1.85143e-18  3.11332e-20      2      3
 64.2656  1.96348e-18  3.27600e-20      2      3
 64.3343  2.00339e-18  3.36579e-20      2      3
 64.4030  1.97652e-18  3.46315e-20      2      3
 64.4716  1.86828e-18  3.10713e-20      2      3
 64.5402  1.74477e-18  4.35167e-20      2      3
 64.6086  1.71571e-18  3.85942e-20      2      3
 64.6771  1.71516e-18  3.45680e-20      2      3
 64.7386  1.64190e-18  4.93193e-20      2      3
 64.8069  1.67234e-18  4.00116e-20      2      3
 64.8752  1.66138e-18  4.37832e-20      2      3
 64.9434  1.65476e-18  4.86476e-20      2      3
 73.2892  1.49409e-18  1.29927e-19      3      3
 73.3569  1.50776e-18  8.97022e-20      3      3
 73.4245  1.45569e-18  7.38128e-20      3      3
 73.4921  1.43001e-18  8.12753e-20      3      3
 73.5596  1.32166e-18  8.03271e-20      3      3
 73.6270  1.47203e-18  6.38813e-20      3      3
 73.6943  1.39851e-18  8.67973e-20      3      3
 73.7616  1.33167e-18  7.93931e-20      3      3
 73.8287  1.28475e-18  8.12665e-20      3      3
 73.8959  1.20196e-18  8.11624e-20      3      3
 73.9629  1.36514e-18  7.73116e-20      3      3
 74.0299  1.45239e-18  8.99179e-20      3      3
 74.0968  1.40321e-18  8.46564e-20      3      3
 74.1636  1.36601e-18  7.03776e-20      3      3
 74.2304  1.26596e-18  7.26071e-20      3      3
 74.2971  1.41363e-18  8.11437e-20      3      3
 74.3571  1.34168e-18  7.92807e-20      3      3
 74.4237  1.28083e-18  8.83537e-20      3      3
 74.4902  1.50627e-18  8.01945e-20      3      3
 74.5567  1.37933e-18  1.27891e-19      3      3
 82.4905  1.13768e-18  1.08225e-19      4      3
 82.5555  1.14637e-18  6.35218e-20      4      3
 82.6204  1.26045e-18  6.56260e-20      4      3
 82.6852  1.35253e-18  5.51611e-20      4      3
 82.7499  1.22017e-18  5.96708e-20      4      3
 82.8146  1.26249e-18  5.99128e-20      4      3
 82.8791  1.37668e-18  7.09411e-20      4      3
 82.9436  1.29514e-18  5.66434e-20      4      3
 83.0081  1.28883e-18  4.75908e-20      4      3
 83.0724  1.29110e-18  6.32107e-20      4      3
 83.1367  1.19817e-18  6.46211e-20      4      3
 83.2009  1.18658e-18  5.69028e-20      4      3
 83.2651  1.22227e-18  6.46838e-20      4      3
 83.3291  1.11921e-18  5.90401e-20      4      3
 83.3931  1.14093e-18  6.73025e-20      4      3
 83.4570  1.22829e-18  7.69028e-20      4      3
 83.5145  1.20688e-18  6.14815e-20      4      3
 83.5783  1.17282e-18  5.68837e-20      4      3
 83.6420  1.19799e-18  5.07609e-20      4      3
 83.7057  1.08901e-18  9.67624e-20      4      3
 97.4376  1.02175e-18  2.10139e-20      5      3
 97.5771  1.01477e-18  1.17928e-20      5      3
 97.7165  1.00663e-18  1.54239e-20      5      3
 97.8557  1.03354e-18  1.72821e-20      5      3
 97.9948  1.02220e-18  1.31637e-20      5      3
 98.1338  1.02090e-18  9.96312e-21      5      3
 98.2726  1.03460e-18  1.36894e-20      5      3
 98.4114  1.01779e-18  1.44917e-20      5      3
 98.5500  1.03355e-18  1.50544e-20      5      3
 98.6885  1.02246e-18  1.32660e-20      5      3
 98.8269  1.01641e-18  1.26312e-20      5      3
 98.9651  9.93495e-19  1.48717e-20      5      3
 99.1033  1.01506e-18  1.71973e-20      5      3
 99.2414  1.00580e-18  1.38057e-20      5      3
 99.3793  1.00494e-18  1.53150e-20      5      3
 99.5171  9.84187e-19  1.11614e-20      5      3
 99.6411  1.00819e-18  1.32601e-20      5      3
 99.7787  1.01855e-18  1.63805e-20      5      3
 99.9163  9.75065e-19  1.34015e-20      5      3
100.0537  9.99227e-19  2.53550e-20      5      3
117.2361  4.88602e-19  8.83089e-21      6      3
117.3757  4.83193e-19  4.68160e-21      6      3
117.5151  4.86377e-19  7.17977e-21      6      3
117.6544  4.88199e-19  5.67750e-21      6      3
117.7935  4.83226e-19  5.98661e-21      6      3
117.9325  4.83116e-19  4.97295e-21      6      3
118.0714  4.87208e-19  5.88629e-21      6      3
118.2101  4.83066e-19  6.04946e-21      6      3
118.3487  4.83998e-19  5.37365e-21      6      3
118.4872  4.73502e-19  6.65976e-21      6      3
118.6255  4.75274e-19  4.76626e-21      6      3
118.7638  4.62121e-19  5.30103e-21      6      3
118.9019  4.55774e-19  4.46741e-21      6      3
119.0399  4.57503e-19  4.31307e-21      6      3
119.1777  4.59888e-19  4.80942e-21      6      3
119.3155  4.60199e-19  5.50949e-21      6      3
119.4394  4.60850e-19  5.03210e-21      6      3
119.5769  4.65015e-19  5.49862e-21      6      3
119.7144  4.54185e-19  4.82599e-21      6      3
119.8517  4.55119e-19  7.54713e-21      6      3
136.9148  3.19986e-19  5.40319e-21      7      3
137.0522  3.15045e-19  3.63478e-21      7      3
137.1894  3.09752e-19  3.78768e-21      7      3
137.3264  3.14846e-19  3.30161e-21      7      3
137.4633  3.03603e-19  3.21677e-21      7      3
137.6001  3.04638e-19  3.45277e-21      7      3
137.7367  3.10387e-19  4.46336e-21      7      3
137.8732  3.09459e-19  3.56770e-21      7      3
138.0096  3.13162e-19  4.01456e-21      7      3
138.1458  3.02761e-19  3.87985e-21      7      3
138.2819  3.02003e-19  3.58668e-21      7      3
138.4178  2.99935e-19  3.42424e-21      7      3
138.5536  3.02600e-19  3.11238e-21      7      3
138.6893  3.05800e-19  3.17449e-21      7      3
138.8249  2.97910e-19  3.50469e-21      7      3
138.9603  3.00246e-19  3.36106e-21      7      3
139.0821  2.95519e-19  3.22109e-21      7      3
139.2173  2.97180e-19  3.56288e-21      7      3
139.3523  3.01176e-19  3.14656e-21      7      3
139.4873  2.93552e-19  6.47751e-21      7      3
155.8258  2.06380e-19  7.40099e-21      8      3
155.9587  1.97987e-19  6.44866e-21      8      3
156.0915  1.98641e-19  5.69831e-21      8      3
156.2242  2.06113e-19  4.63696e-21      8      3
156.3566  2.07225e-19  4.51361e-21      8      3
156.4890  1.98137e-19  3.80726e-21      8      3
156.6212  2.01978e-19  4.84286e-21      8      3
156.7533  1.90669e-19  4.30802e-21      8      3
156.8851  2.10519e-19  5.69608e-21      8      3
157.0169  1.96062e-19  4.65470e-21      8      3
157.1485  1.98303e-19  5.39155e-21      8      3
157.2800  1.99848e-19  4.95052e-21      8      3
157.4113  2.04108e-19  5.00719e-21      8      3
157.5426  2.06971e-19  5.64481e-21      8      3
157.6736  2.07018e-19  5.27371e-21      8      3
157.8046  2.06582e-19  4.93356e-21      8      3
157.9223  2.05952e-19  5.69442e-21      8      3
158.0530  1.96549e-19  5.53811e-21      8      3
158.1835  2.07430e-19  5.94776e-21      8      3
158.3139  1.85222e-19  7.39102e-21      8      3
173.4833  5.00129e-20  1.69682e-20      9      3
173.6098  7.87923e-20  1.49981e-20      9      3
173.7362  9.02074e-20  1.29055e-20      9      3
173.8624  8.21966e-20  1.12046e-20      9      3
173.9884  1.02827e-19  1.25242e-20      9      3
174.1142  8.53895e-20  1.50848e-20      9      3
174.2400  9.64656e-20  1.26489e-20      9      3
174.3655  1.09940e-19  1.39842e-20      9      3
174.4910  8.29522e-20  1.26762e-20      9      3
174.6162  7.98649e-20  1.23302e-20      9      3
174.7413  5.87303e-20  1.43948e-20      9      3
174.8663  7.86410e-20  1.15316e-20      9      3
174.9911  8.71531e-20  1.23329e-20      9      3
175.1158  6.46057e-20  1.33845e-20      9      3
175.2403  7.87253e-20  1.87066e-20      9      3
175.3647  9.31673e-20  1.39060e-20      9      3
175.4766  9.79577e-20  1.30010e-20      9      3
175.6007  7.17691e-20  1.26622e-20      9      3
175.7247  8.26145e-20  1.49365e-20      9      3
175.8486  8.32402e-20  2.22410e-20      9      3
 45.5195  3.54946e-18  7.98392e-19      0      0
 45.5874  2.75187e-18  1.98695e-19      0      0
 45.6554  2.63560e-18  2.43844e-19      0      0
 45.7233  3.52718e-18  4.74362e-19      0      0
 45.7844  3.50899e-18  4.55922e-19      0      0
 45.8522  3.32282e-18  3.86416e-19      0      0
 45.9200  3.27203e-18  3.81472e-19      0      0
 45.9877  3.03739e-18  2.94320e-19      0      0
 46.0554  3.20821e-18  2.68176e-19      0      0
 46.1231  3.23601e-18  2.83027e-19      0      0
 46.1908  2.85983e-18  2.35632e-19      0      0
 46.2584  2.99719e-18  2.30346e-19      0      0
 46.3260  2.89917e-18  1.54619e-19      0      0
 46.3935  2.35107e-18  9.64609e-20      0      0
 46.4610  3.03175e-18  2.54036e-19      0      0
 46.5285  3.15529e-18  2.40080e-19      0      0
 46.5960  2.92730e-18  2.63638e-19      0      0
 46.6634  2.95280e-18  2.33405e-19      0      0
 46.7308  2.76974e-18  2.44498e-19      0      0
 46.7982  2.78643e-18  3.78393e-19      0      0
 55.4971  1.12152e-18  4.50267e-19      1      0
 55.5656  1.21182e-18  2.41074e-19      1      0
 55.6340  1.19723e-18  3.43306e-19      1      0
 55.7023  1.48837e-18  3.07491e-19      1      0
 55.7638  8.07726e-19  2.31740e-19      1      0
 55.8321  1.52694e-18  8.01266e-20      1      0
 55.9003  1.47307e-18  4.17755e-19      1      0
 55.9685  1.76660e-18  3.50524e-19      1      0
 56.0366  1.27197e-18  3.02434e-19      1      0
 56.1047  1.22884e-18  2.58024e-19      1      0
 56.1728  1.40654e-18  2.39865e-19      1      0
 56.2408  1.38484e-18  2.69225e-19      1      0
 56.3088  1.07943e-18  3.01578e-19      1      0
 56.3767  1.13176e-18  2.91998e-19      1      0
 56.4446  1.02021e-18  1.97338e-19      1      0
 56.5125  1.50111e-18  2.90778e-19      1      0
 56.5803  1.21143e-18  1.68858e-19      1      0
 56.6482  1.27857e-18  2.81663e-19      1      0
 56.7159  2.34907e-18  1.08909e-19      1      0
 56.7837  1.06433e-18  2.35248e-19      1      0
 65.4192  1.33284e-18  1.17677e-19      2      0
 65.4870  1.24473e-18  4.47661e-20      2      0
 65.5547  1.16269e-18  1.06785e-19      2      0
 65.6224  1.24867e-18  3.30348e-20      2      0
 65.6833  1.03178e-18  4.64292e-20      2      0
 65.7508  1.33005e-18  6.20831e-20      2      0
 65.8184  1.33771e-18  1.42855e-19      2      0
 65.8858  1.06325e-18  1.39202e-19      2      0
 65.9533  1.32459e-18  4.03749e-20      2      0
 66.0207  1.13340e-18  8.31799e-20      2      0
 66.0880  1.29153e-18  5.81701e-20      2      0
 66.1553  1.21522e-18  1.14008e-19      2      0
 66.2226  1.12627e-18  9.83279e-20      2      0
 66.2898  1.13691e-18  5.36269e-20      2      0
 66.3570  1.14671e-18  8.33913e-20      2      0
 66.4241  1.14547e-18  1.25934e-20      2      0
 66.4912  1.00757e-18  2.60157e-20      2      0
 66.5583  1.24632e-18  8.29898e-20      2      0
 66.6253  1.17114e-18  6.09019e-20      2      0
 66.6923  1.10975e-18  6.11273e-20      2      0
 75.0203  1.36283e-18  1.82576e-19      3      0
 75.0863  8.23086e-19  1.72936e-19      3      0
 75.1523  1.24871e-18  1.85131e-19      3      0
 75.2182  1.11115e-18  1.73445e-19      3      0
 75.2774  1.37257e-18  1.83649e-19      3      0
 75.3432  1.57634e-18  2.03354e-19      3      0
 75.4090  1.01225e-18  2.14537e-19      3      0
 75.4747  8.87729e-19  2.04767e-19      3      0
 75.5403  1.19464e-18  1.07629e-19      3      0
 75.6059  1.20838e-18  2.57319e-19      3      0
 75.6714  1.18157e-18  1.33718e-19      3      0
 75.7369  8.47696e-19  2.06408e-19      3      0
 75.8024  1.37149e-18  7.68461e-20      3      0
 75.8678  1.33913e-18  2.11720e-19      3      0
 75.9331  1.15377e-18  2.04614e-19      3      0
 75.9984  1.34636e-18  1.88546e-19      3      0
 76.0637  1.22034e-18  1.73527e-19      3      0
 76.1289  9.83199e-19  1.46914e-19      3      0
 76.1941  1.35432e-18  2.07638e-19      3      0
 76.2592  1.12969e-18  2.86059e-19      3      0
 84.1496  1.31122e-18  1.90397e-19      4      0
 84.2128  1.71024e-18  1.73768e-19      4      0
 84.2759  1.53138e-18  1.46082e-19      4      0
 84.3390  1.58359e-18  1.46933e-19      4      0
 84.3957  1.41905e-18  8.46002e-20      4      0
 84.4586  1.86382e-18  7.18630e-20      4      0
 84.5215  1.51472e-18  1.27428e-19      4      0
 84.5843  1.42151e-18  1.23064e-19      4      0
 84.6471  1.47766e-18  3.34596e-20      4      0
 84.7098  1.09465e-18  8.50155e-20      4      0
 84.7725  1.57834e-18  1.47576e-19      4      0
 84.8351  1.46910e-18  1.65014e-19      4      0
 84.8977  1.40910e-18  1.08870e-19      4      0
 84.9602  1.54724e-18  1.59948e-19      4      0
 85.0227  1.29231e-18  1.67840e-19      4      0
 85.0851  1.45946e-18  2.29355e-19      4      0
 85.1475  9.17871e-19  7.23600e-20      4      0
 85.2098  1.16205e-18  9.92496e-20      4      0
 85.2721  1.54628e-18  2.04068e-19      4      0
 85.3343  1.56760e-18  1.13485e-19      4      0
101.0131  9.49643e-19  3.91458e-20      5      0
101.1498  9.70653e-19  2.31519e-20      5      0
101.2865  8.79663e-19  3.80996e-20      5      0
101.4230  9.66911e-19  4.57790e-20      5      0
101.5458  8.94690e-19  2.78882e-20      5      0
101.6822  9.11261e-19  3.22182e-20      5      0
101.8185  9.43526e-19  3.57852e-20      5      0
101.9547  9.05037e-19  2.58146e-20      5      0
102.0908  9.16036e-19  3.59974e-20      5      0
102.2269  9.22724e-19  2.39600e-20      5      0
102.3629  9.15785e-19  2.01144e-20      5      0
102.4988  9.01700e-19  2.26339e-20      5      0
102.6346  9.29325e-19  1.04615e-20      5      0
102.7704  9.31429e-19  1.62689e-20      5      0
102.9062  9.53745e-19  2.81935e-20      5      0
103.0418  8.70204e-19  7.50322e-21      5      0
103.1774  9.42079e-19  2.83617e-20      5      0
103.3129  9.45120e-19  2.22686e-20      5      0
103.4484  9.30403e-19  3.78548e-20      5      0
103.5838  8.46921e-19  1.91219e-20      5      0
120.8100  4.48219e-19  2.88546e-20      6      0
120.9465  4.12529e-19  1.20025e-20      6      0
121.0829  4.04196e-19  1.07602e-20      6      0
121.2192  4.16240e-19  1.59022e-20      6      0
121.3418  4.24699e-19  6.22864e-21      6      0
121.4779  4.16069e-19  9.60368e-21      6      0
121.6140  4.31681e-19  8.06198e-21      6      0
121.7499  4.06228e-19  5.90560e-21      6      0
121.8858  4.23584e-19  1.36722e-20      6      0
122.0215  4.11440e-19  1.40674e-20      6      0
122.1572  4.11995e-19  7.64394e-21      6      0
122.2929  4.07248e-19  1.14432e-20      6      0
122.4284  4.07357e-19  7.59406e-21      6      0
122.5639  3.92311e-19  6.61942e-21      6      0
122.6992  4.02177e-19  1.06938e-20      6      0
122.8345  4.05662e-19  1.25469e-20      6      0
122.9698  4.11509e-19  7.68165e-21      6      0
123.1049  4.20509e-19  1.51761e-20      6      0
123.2400  4.17400e-19  1.59265e-20      6      0
123.3750  4.42579e-19  2.91360e-20      6      0
140.4288  2.67218e-19  1.45855e-20      7      0
140.5629  2.74792e-19  8.52803e-21      7      0
140.6969  2.84442e-19  1.04103e-20      7      0
140.8307  2.78240e-19  1.07436e-20      7      0
140.9511  2.90273e-19  1.06063e-20      7      0
141.0847  2.69926e-19  1.58282e-21      7      0
141.2183  2.76451e-19  1.17708e-20      7      0
141.3517  2.87218e-19  7.01610e-21      7      0
141.4851  2.71955e-19  9.59914e-21      7      0
141.6184  2.77541e-19  1.89233e-21      7      0
141.7516  2.59477e-19  9.49260e-21      7      0
141.8846  2.70798e-19  6.25019e-21      7      0
142.0176  2.63546e-19  4.37295e-21      7      0
142.1506  2.68721e-19  4.70962e-21      7      0
142.2834  2.71856e-19  8.25019e-21      7      0
142.4161  2.80993e-19  7.71931e-21      7      0
142.5488  2.83994e-19  6.77222e-21      7      0
142.6813  2.64645e-19  4.86950e-21      7      0
142.8138  2.71285e-19  3.76169e-21      7      0
142.9462  2.85996e-19  5.93039e-21      7      0
159.2235  2.83993e-19  2.12702e-20      8      0
159.3530  2.84175e-19  1.45625e-20      8      0
159.4823  2.91549e-19  1.02959e-20      8      0
159.6116  2.99691e-19  1.46649e-20      8      0
159.7278  2.95612e-19  1.08103e-20      8      0
159.8568  3.08648e-19  1.40842e-20      8      0
159.9857  3.11995e-19  1.16707e-20      8      0
160.1145  3.29124e-19  1.27605e-20      8      0
160.2433  4.13229e-19  9.17289e-21      8      0
160.3718  4.75058e-19  1.54271e-20      8      0
160.5003  4.83830e-19  1.42761e-20      8      0
160.6288  5.02736e-19  1.22325e-20      8      0
160.7570  4.72521e-19  1.19870e-20      8      0
160.8853  4.10821e-19  5.33562e-21      8      0
161.0134  3.32979e-19  1.21923e-20      8      0
161.1414  2.92587e-19  1.09694e-20      8      0
161.2693  2.85654e-19  1.36573e-20      8      0
161.3971  2.76233e-19  1.19025e-20      8      0
161.5249  2.67437e-19  1.52717e-20      8      0
161.6525  2.93462e-19  2.19869e-20      8      0
176.7120  2.53212e-19  8.99504e-20      9      0
176.8349  3.25142e-19  6.62883e-20      9      0
176.9576  2.22260e-19  2.81993e-20      9      0
177.0802  1.41856e-19  2.20615e-20      9      0
177.1905  1.58184e-19  5.61359e-20      9      0
177.3128  1.96560e-19  4.52352e-20      9      0
177.4351  2.54528e-19  4.31834e-20      9      0
177.5573  1.75197e-19  3.97016e-20      9      0
177.6793  6.35834e-20  3.91453e-20      9      0
177.8012  2.09537e-19  4.90520e-20      9      0
177.9230  2.50516e-19  4.18591e-20      9      0
178.0447  2.31748e-19  3.85950e-20      9      0
178.1663  1.94901e-19  3.07034e-20      9      0
178.2878  2.05763e-19  3.23222e-20      9      0
178.4092  2.07245e-19  3.89760e-20      9      0
178.5305  1.93439e-19  1.70431e-20      9      0
178.6517  2.53993e-19  5.98920e-20      9      0
178.7728  2.36984e-19  5.07318e-20      9      0
178.8938  2.41390e-19  3.33560e-20      9      0
179.0147  1.60089e-19  3.49704e-20      9      0
 46.4610  2.20179e-18  3.32970e-19      0      1
 46.5285  2.00080e-18  1.90707e-19      0      1
 46.5960  1.80693e-18  7.83388e-20      0      1
 46.6634  1.73978e-18  1.17101e-19      0      1
 46.7308  2.03415e-18  1.21595e-19      0      1
 46.7982  1.87813e-18  9.50262e-20      0      1
 46.8655  1.79039e-18  1.29359e-19      0      1
 46.9261  1.89152e-18  8.14002e-20      0      1
 46.9934  1.79320e-18  1.33713e-19      0      1
 47.0607  1.92443e-18  7.91185e-20      0      1
 47.1280  1.79962e-18  6.90538e-20      0      1
 47.1952  1.74174e-18  7.32107e-20      0      1
 47.2624  1.81058e-18  7.92573e-20      0      1
 47.3296  1.68988e-18  5.37045e-20      0      1
 47.3968  1.65896e-18  3.47454e-20      0      1
 47.4639  1.69307e-18  8.55257e-20      0      1
 47.5311  1.91655e-18  5.29042e-20      0      1
 47.5982  1.97462e-18  1.20072e-19      0      1
 47.6653  1.36867e-18  7.28053e-20      0      1
 47.7324  1.97199e-18  2.93985e-19      0      1
 56.4446  2.10349e-18  3.84029e-19      1      1
 56.5125  1.21555e-18  1.25160e-19      1      1
 56.5803  1.24382e-18  2.32192e-19      1      1
 56.6482  1.57169e-18  3.34026e-20      1      1
 56.7159  1.42789e-18  2.59161e-19      1      1
 56.7837  1.23326e-18  1.98550e-19      1      1
 56.8514  1.34241e-18  2.05493e-19      1      1
 56.9123  1.02765e-18  1.72593e-19      1      1
 56.9800  1.15717e-18  3.59614e-19      1      1
 57.0476  1.39199e-18  2.05718e-19      1      1
 57.1152  1.20183e-18  1.72610e-19      1      1
 57.1828  8.03523e-19  1.83779e-19      1      1
 57.2503  1.51390e-18  2.03863e-19      1      1
 57.3178  1.37467e-18  1.16590e-19      1      1
 57.3853  1.03388e-18  2.67649e-19      1      1
 57.4528  1.68186e-18  2.28934e-19      1      1
 57.5202  1.26713e-18  2.44797e-19      1      1
 57.5877  8.57945e-19  1.59641e-19      1      1
 57.6551  1.18237e-18  1.46703e-19      1      1
 57.7224  7.93361e-19  3.56130e-19      1      1
 66.3570  1.24225e-18  1.48240e-19      2      1
 66.4241  1.08526e-18  1.18111e-19      2      1
 66.4912  1.15584e-18  9.92616e-20      2      1
 66.5583  1.20360e-18  5.39179e-20      2      1
 66.6253  1.12516e-18  4.08585e-20      2      1
 66.6923  1.23722e-18  6.42759e-20      2      1
 66.7592  1.14775e-18  1.38642e-19      2      1
 66.8195  1.13475e-18  8.48415e-20      2      1
 66.8863  1.27062e-18  7.62051e-20      2      1
 66.9532  1.08841e-18  1.03325e-19      2      1
 67.0200  1.09058e-18  8.95664e-20      2      1
 67.0868  1.23370e-18  8.01606e-20      2      1
 67.1535  1.10496e-18  4.78273e-20      2      1
 67.2203  1.31114e-18  1.16346e-19      2      1
 67.2869  1.40407e-18  1.26434e-19      2      1
 67.3536  1.37366e-18  1.55856e-19      2      1
 67.4202  1.40711e-18  8.36430e-20      2      1
 67.4868  1.39270e-18  8.80594e-20      2      1
 67.5534  1.27953e-18  1.04276e-19      2      1
 67.6200  1.26492e-18  8.90064e-20      2      1
 75.9331  1.09504e-18  1.10367e-19      3      1
 75.9984  1.24681e-18  1.30225e-19      3      1
 76.0637  1.30526e-18  2.45350e-19      3      1
 76.1289  1.37151e-18  2.20756e-19      3      1
 76.1941  1.38246e-18  1.56463e-19      3      1
 76.2592  1.52754e-18  2.09683e-19      3      1
 76.3243  1.22407e-18  1.30709e-19      3      1
 76.3829  1.41926e-18  1.31453e-19      3      1
 76.4479  1.18660e-18  2.06016e-19      3      1
 76.5129  1.10141e-18  1.75905e-19      3      1
 76.5778  1.26957e-18  2.28809e-19      3      1
 76.6427  1.29432e-18  1.15957e-19      3      1
 76.7076  1.15162e-18  2.25431e-19      3      1
 76.7724  1.34167e-18  2.42737e-19      3      1
 76.8372  1.32491e-18  1.65702e-19      3      1
 76.9020  9.46156e-19  1.60684e-19      3      1
 76.9667  1.15364e-18  1.52513e-19      3      1
 77.0314  1.39533e-18  2.05958e-19      3      1
 77.0961  6.29598e-19  1.02113e-19      3      1
 77.1607  1.04565e-18  2.73071e-19      3      1
 85.0227  6.12654e-19  2.38663e-19      4      1
 85.0851  8.76999e-19  1.02919e-19      4      1
 85.1475  9.89423e-19  1.38906e-19      4      1
 85.2098  8.80052e-19  1.46938e-19      4      1
 85.2721  8.45375e-19  1.49706e-19      4      1
 85.3343  9.64142e-19  1.98068e-19      4      1
 85.3965  1.00287e-18  1.66592e-19      4      1
 85.4524  1.21819e-18  1.32355e-19      4      1
 85.5145  1.09436e-18  1.08795e-19      4      1
 85.5766  1.11499e-18  1.67104e-19      4      1
 85.6386  1.24026e-18  1.33888e-19      4      1
 85.7006  1.05459e-18  1.51150e-19      4      1
 85.7625  9.24347e-19  1.58431e-19      4      1
 85.8244  1.42707e-18  1.58619e-19      4      1
 85.8862  1.09885e-18  1.95014e-19      4      1
 85.9480  9.17435e-19  1.50968e-19      4      1
 86.0098  1.12573e-18  1.67006e-19      4      1
 86.0715  1.14192e-18  9.55245e-20      4      1
 86.1332  7.62006e-19  2.52629e-19      4      1
 86.1949  1.38285e-18  4.09750e-19      4      1
102.9062  9.50231e-19  6.94870e-20      5      1
103.0418  8.86851e-19  3.38159e-20      5      1
103.1774  8.72505e-19  2.18670e-20      5      1
103.3129  9.00509e-19  2.57080e-20      5      1
103.4484  8.78006e-19  2.48226e-20      5      1
103.5838  8.82750e-19  1.81989e-20      5      1
103.7191  8.94447e-19  2.09970e-20      5      1
103.8409  9.11728e-19  4.01141e-20      5      1
103.9761  8.30756e-19  1.25312e-20      5      1
104.1113  8.48590e-19  1.52036e-20      5      1
104.2465  8.81033e-19  2.24413e-20      5      1
104.3816  8.49321e-19  1.10150e-20      5      1
104.5166  8.67885e-19  1.54495e-20      5      1
104.6516  8.56217e-19  3.62293e-20      5      1
104.7866  8.53706e-19  2.18219e-20      5      1
104.9215  8.62889e-19  2.81792e-20      5      1
105.0563  8.60693e-19  2.41304e-20      5      1
105.1911  8.44376e-19  2.10107e-20      5      1
105.3259  8.79576e-19  3.05564e-20      5      1
105.4607  8.39468e-19  3.29688e-20      5      1
122.6992  4.20959e-19  2.46274e-20      6      1
122.8345  4.09141e-19  1.73640e-20      6      1
122.9698  4.08384e-19  1.39947e-20      6      1
123.1049  3.93672e-19  1.49348e-20      6      1
123.2400  4.12555e-19  1.04347e-20      6      1
123.3750  4.03635e-19  1.31665e-20      6      1
123.5100  4.13985e-19  2.08798e-20      6      1
123.6314  4.22799e-19  1.21874e-20      6      1
123.7662  4.50020e-19  2.78067e-20      6      1
123.9010  4.30498e-19  1.45580e-20      6      1
124.0357  4.06081e-19  1.09425e-20      6      1
124.1704  3.89653e-19  1.26596e-20      6      1
124.3049  3.97913e-19  8.73746e-21      6      1
124.4395  3.82964e-19  1.21322e-20      6      1
124.5740  4.07192e-19  1.81679e-20      6      1
124.7084  3.89026e-19  1.74303e-20      6      1
124.8428  3.79159e-19  1.57903e-20      6      1
124.9771  3.74011e-19  1.28297e-20      6      1
125.1114  3.87744e-19  1.68676e-20      6      1
125.2456  3.67355e-19  8.93969e-21      6      1
142.2834  2.87570e-19  7.15849e-21      7      1
142.4161  2.79913e-19  4.00225e-21      7      1
142.5488  2.87101e-19  5.13846e-21      7      1
142.6813  2.85930e-19  5.13818e-21      7      1
142.8138  2.90426e-19  1.06654e-20      7      1
142.9462  2.77369e-19  6.05775e-21      7      1
143.0786  2.70480e-19  9.10439e-21      7      1
143.1976  2.77561e-19  9.04349e-21      7      1
143.3298  2.79835e-19  4.67469e-21      7      1
143.4619  2.80047e-19  8.97390e-21      7      1
143.5940  2.73704e-19  7.88638e-21      7      1
143.7260  2.78214e-19  8.80728e-21      7      1
143.8579  2.79425e-19  1.72327e-21      7      1
143.9897  2.72136e-19  6.45807e-21      7      1
144.1215  2.74649e-19  6.71132e-21      7      1
144.2532  2.85913e-19  2.99003e-21      7      1
144.3848  2.77527e-19  5.15844e-21      7      1
144.5164  2.70560e-19  6.14135e-21      7      1
144.6480  2.71331e-19  7.17939e-21      7      1
144.7794  2.82765e-19  9.49630e-21      7      1
161.0134  2.70973e-19  1.05363e-20      8      1
161.1414  2.30013e-19  1.09143e-20      8      1
161.2693  2.32498e-19  8.19334e-21      8      1
161.3971  2.33082e-19  5.26704e-21      8      1
161.5249  2.32101e-19  1.38906e-20      8      1
161.6525  2.38085e-19  1.06279e-20      8      1
161.7801  2.10940e-19  7.15957e-21      8      1
161.8949  2.20091e-19  7.64840e-21      8      1
162.0222  2.23057e-19  9.75972e-21      8      1
162.1496  2.16111e-19  8.91986e-21      8      1
162.2768  2.26555e-19  3.34552e-21      8      1
162.4040  2.16727e-19  8.41441e-21      8      1
162.5311  2.16840e-19  6.62204e-21      8      1
162.6581  2.21152e-19  9.76013e-21      8      1
162.7850  2.34056e-19  1.61734e-20      8      1
162.9118  2.00263e-19  6.26886e-21      8      1
163.0387  2.24131e-19  1.19996e-20      8      1
163.1653  2.20640e-19  1.13607e-20      8      1
163.2920  2.21426e-19  1.00203e-20      8      1
163.4186  2.28999e-19  2.18068e-20      8      1
178.4092  1.37142e-19  3.55951e-20      9      1
178.5305  1.66310e-19  3.31641e-20      9      1
178.6517  7.46718e-20  3.70519e-20      9      1
178.7728  8.06620e-20  1.39676e-20      9      1
178.8938  8.85038e-20  2.23830e-20      9      1
179.0147  1.05534e-19  3.50245e-20      9      1
179.1355  1.65298e-19  3.89127e-20      9      1
179.2441  8.40105e-20  3.36609e-20      9      1
179.3647  1.55048e-19  2.94830e-20      9      1
179.4853  1.73146e-19  2.15854e-20      9      1
179.6057  8.31030e-20  2.69727e-20      9      1
179.7261  8.22585e-20  2.52381e-20      9      1
179.8463  2.00535e-19  4.01883e-20      9      1
179.9665  1.45290e-19  3.20291e-20      9      1
180.0866  1.45905e-19  2.18860e-20      9      1
180.2066  1.35946e-19  1.92135e-20      9      1
180.3265  9.61883e-20  2.24968e-20      9      1
180.4464  1.05168e-19  2.88954e-20      9      1
180.5662  1.46990e-19  2.50583e-20      9      1
180.6858  1.23902e-19  7.73488e-20      9      1
 49.5393  9.07627e-19  2.23323e-19      1      2
 49.6144  7.51137e-19  2.60012e-19      1      2
 49.6895  1.04495e-18  2.46253e-19      1      2
 49.7645  5.73109e-19  2.86603e-19      1      2
 49.8393  1.03943e-18  1.88472e-19      1      2
 49.9140  8.98888e-19  2.46906e-19      1      2
 49.9886  8.34094e-19  2.14859e-19      1      2
 50.0631  8.26670e-19  1.76672e-19      1      2
 50.1300  1.10647e-18  1.98731e-19      1      2
 50.2043  1.12934e-18  2.10363e-19      1      2
 50.2785  1.63088e-18  2.47921e-19      1      2
 50.3526  1.15507e-18  2.13909e-19      1      2
 50.4265  1.09761e-18  2.04408e-19      1      2
 50.5004  1.09416e-18  1.60583e-19      1      2
 50.5741  1.50737e-18  1.83477e-19      1      2
 50.6478  1.20357e-18  2.92714e-19      1      2
 59.1987  1.60973e-18  6.94781e-20      2      2
 59.2741  1.72206e-18  6.13270e-20      2      2
 59.3494  1.62965e-18  4.39913e-20      2      2
 59.4246  1.62116e-18  4.82546e-20      2      2
 59.4996  1.56989e-18  5.12859e-20      2      2
 59.5746  1.54312e-18  5.01939e-20      2      2
 59.6494  1.53978e-18  3.97271e-20      2      2
 59.7241  1.65476e-18  5.18871e-20      2      2
 59.7987  1.61165e-18  4.48340e-20      2      2
 59.8731  1.68872e-18  5.40066e-20      2      2
 59.9474  1.63826e-18  5.90918e-20      2      2
 60.0217  1.62803e-18  5.16925e-20      2      2
 60.0883  1.63211e-18  5.25681e-20      2      2
 60.1623  1.57194e-18  5.00553e-20      2      2
 60.2362  1.57010e-18  4.89906e-20      2      2
 60.3100  1.56896e-18  3.17221e-20      2      2
 60.3836  1.61469e-18  4.77408e-20      2      2
 60.4572  1.62166e-18  3.22415e-20      2      2
 60.5306  1.51936e-18  4.71108e-20      2      2
 60.6039  1.52895e-18  6.32777e-20      2      2
 68.9381  1.45961e-18  8.62291e-20      3      2
 69.0122  1.50088e-18  8.46688e-20      3      2
 69.0860  1.46011e-18  9.96707e-20      3      2
 69.1598  1.42748e-18  9.21098e-20      3      2
 69.2334  1.50527e-18  8.35631e-20      3      2
 69.3070  1.50049e-18  8.79612e-20      3      2
 69.3803  1.39456e-18  7.49643e-20      3      2
 69.4536  1.41025e-18  8.58690e-20      3      2
 69.5267  1.42977e-18  7.65202e-20      3      2
 69.5998  1.24137e-18  7.39260e-20      3      2
 69.6726  1.45364e-18  7.28520e-20      3      2
 69.7454  1.48699e-18  9.04094e-20      3      2
 69.8108  1.34659e-18  6.82232e-20      3      2
 69.8833  1.58700e-18  8.26492e-20      3      2
 69.9558  1.59944e-18  8.49837e-20      3      2
 70.0281  1.52899e-18  9.02197e-20      3      2
 70.1002  1.35651e-18  9.26743e-20      3      2
 70.1723  1.48096e-18  8.65492e-20      3      2
 70.2443  1.41003e-18  6.87488e-20      3      2
 70.3161  1.42780e-18  1.28957e-19      3      2
 78.3024  1.66011e-18  8.51955e-20      4      2
 78.3738  1.57044e-18  8.68164e-20      4      2
 78.4452  1.61582e-18  9.69202e-20      4      2
 78.5164  1.57100e-18  5.73516e-20      4      2
 78.5874  1.57957e-18  7.87361e-20      4      2
 78.6584  1.56616e-18  7.23083e-20      4      2
 78.7292  1.46419e-18  6.42988e-20      4      2
 78.7998  1.43215e-18  6.03694e-20      4      2
 78.8704  1.46680e-18  8.10044e-20      4      2
 78.9408  1.46077e-18  7.08420e-20      4      2
 79.0111  1.38640e-18  7.02027e-20      4      2
 79.0813  1.51924e-18  8.81974e-20      4      2
 79.1444  1.45376e-18  7.57858e-20      4      2
 79.2143  1.52690e-18  6.17502e-20      4      2
 79.2841  1.32246e-18  5.89272e-20      4      2
 79.3538  1.44491e-18  7.80678e-20      4      2
 79.4234  1.28618e-18  6.67018e-20      4      2
 79.4929  1.38043e-18  6.03762e-20      4      2
 79.5622  1.35089e-18  6.56389e-20      4      2
 79.6314  1.60849e-18  1.11079e-19      4      2
 88.5304  1.31520e-18  2.90522e-20      5      2
 88.6810  1.27582e-18  2.09508e-20      5      2
 88.8314  1.24010e-18  2.14741e-20      5      2
 88.9816  1.23912e-18  1.84390e-20      5      2
 89.1315  1.26110e-18  1.87345e-20      5      2
 89.2812  1.24352e-18  1.68148e-20      5      2
 89.4307  1.25070e-18  2.11532e-20      5      2
 89.5799  1.23253e-18  2.52460e-20      5      2
 89.7290  1.24406e-18  1.92295e-20      5      2
 89.8778  1.27529e-18  1.93473e-20      5      2
 90.0264  1.26688e-18  2.30725e-20      5      2
 90.1747  1.27817e-18  1.71545e-20      5      2
 90.3081  1.27416e-18  2.67719e-20      5      2
 90.4561  1.20425e-18  1.89983e-20      5      2
 90.6038  1.21601e-18  2.00115e-20      5      2
 90.7514  1.19815e-18  1.81156e-20      5      2
 90.8987  1.15608e-18  1.31097e-20      5      2
 91.0458  1.19816e-18  2.00209e-20      5      2
 91.1927  1.18898e-18  1.65860e-20      5      2
 91.3394  1.19291e-18  3.03463e-20      5      2
108.3038  5.99611e-19  1.37878e-20      6      2
108.4552  6.02896e-19  8.72044e-21      6      2
108.6063  6.00459e-19  6.54457e-21      6      2
108.7572  5.97375e-19  7.90414e-21      6      2
108.9079  5.91254e-19  7.92513e-21      6      2
109.0583  5.94666e-19  7.19056e-21      6      2
109.2085  5.96714e-19  6.65691e-21      6      2
109.3584  5.86280e-19  9.97256e-21      6      2
109.5081  5.92378e-19  1.08946e-20      6      2
109.6576  5.81134e-19  7.09051e-21      6      2
109.8068  5.88120e-19  8.91063e-21      6      2
109.9558  5.82090e-19  7.89975e-21      6      2
110.0898  5.72102e-19  7.96211e-21      6      2
110.2383  5.72954e-19  8.97285e-21      6      2
110.3867  5.57096e-19  6.28467e-21      6      2
110.5348  5.59384e-19  6.38533e-21      6      2
110.6827  5.58190e-19  4.91803e-21      6      2
110.8304  5.53921e-19  6.63696e-21      6      2
110.9779  5.57151e-19  6.75191e-21      6      2
111.1251  5.91636e-19  9.99416e-21      6      2
128.1001  3.93633e-19  3.59552e-21      7      2
128.2498  3.91850e-19  4.00940e-21      7      2
128.3993  3.88434e-19  3.78276e-21      7      2
128.5486  3.87499e-19  4.81522e-21      7      2
128.6976  3.80934e-19  3.95399e-21      7      2
128.8464  3.74392e-19  3.95833e-21      7      2
128.9949  3.69698e-19  3.97486e-21      7      2
129.1431  3.72381e-19  4.70589e-21      7      2
129.2911  3.64220e-19  4.14029e-21      7      2
129.4389  3.74238e-19  3.85047e-21      7      2
129.5864  3.64363e-19  3.69758e-21      7      2
129.7337  3.64004e-19  5.02731e-21      7      2
129.8661  3.63470e-19  3.65584e-21      7      2
130.0129  3.65637e-19  4.79775e-21      7      2
130.1595  3.65439e-19  4.16103e-21      7      2
130.3059  3.63371e-19  4.19786e-21      7      2
130.4520  3.54770e-19  4.70884e-21      7      2
130.5979  3.60083e-19  4.58760e-21      7      2
130.7436  3.61380e-19  4.41851e-21      7      2
130.8891  3.60118e-19  4.72292e-21      7      2
147.2680  2.77460e-19  7.43600e-21      8      2
147.4138  2.81882e-19  5.08984e-21      8      2
147.5593  2.78877e-19  6.28169e-21      8      2
147.7046  2.64396e-19  4.21335e-21      8      2
147.8496  2.75465e-19  6.36007e-21      8      2
147.9944  2.73450e-19  6.19019e-21      8      2
148.1389  2.76497e-19  5.07427e-21      8      2
148.2831  2.82248e-19  6.21427e-21      8      2
148.4271  2.57081e-19  5.34827e-21      8      2
148.5708  2.58814e-19  4.67439e-21      8      2
148.7143  2.76117e-19  7.13653e-21      8      2
148.8576  2.77637e-19  6.56161e-21      8      2
148.9863  2.72506e-19  7.44066e-21      8      2
149.1291  2.71778e-19  5.74779e-21      8      2
149.2716  2.60505e-19  5.31423e-21      8      2
149.4140  2.62237e-19  5.67045e-21      8      2
149.5560  2.60844e-19  5.19641e-21      8      2
149.6979  2.56305e-19  4.14621e-21      8      2
149.8395  2.61279e-19  6.10015e-21      8      2
149.9808  2.50334e-19  9.54815e-21      8      2
165.3137  2.01909e-19  2.02661e-20      9      2
165.4533  1.74783e-19  1.51080e-20      9      2
165.5927  1.98689e-19  1.70729e-20      9      2
165.7317  1.87008e-19  1.06366e-20      9      2
165.8705  1.76932e-19  1.91406e-20      9      2
166.0091  1.94604e-19  1.86204e-20      9      2
166.1474  1.54573e-19  2.10582e-20      9      2
166.2854  1.90202e-19  1.84079e-20      9      2
166.4232  1.78320e-19  1.20702e-20      9      2
166.5607  1.72440e-19  1.68998e-20      9      2
166.6980  1.58207e-19  1.54773e-20      9      2
166.8351  1.62945e-19  1.70503e-20      9      2
166.9582  1.68919e-19  1.46336e-20      9      2
167.0948  1.63615e-19  1.26952e-20      9      2
167.2311  1.82032e-19  1.60183e-20      9      2
167.3672  2.00254e-19  1.71100e-20      9      2
167.5030  1.29243e-19  1.51806e-20      9      2
167.6386  1.57757e-19  1.42507e-20      9      2
167.7740  1.39607e-19  1.32565e-20      9      2
167.9091  1.41917e-19  8.49058e-21      9      2
