#Frequency (Hz) Flux (Jy)
 1.45e+18  7.590000e-09 
 1.45e+18  6.760000e-09 
 1.45e+18  7.380000e-09 
 1.09e+18  6.060000e-09 
 9.31e+17  2.260000e-08 
 3.87e+17  4.570000e-08 
 3.26e+17  4.290000e-08 
 3.02e+17  2.190000e-08 
 3.02e+17  8.940000e-09 
 1.96e+15  9.420000e-05 
 1.96e+15  1.360000e-04 
 1.48e+15  2.380000e-04 
 1.48e+15  3.460000e-04 
 1.31e+15  3.130000e-04 
 1.31e+15  4.530000e-04 
 8.44e+14  2.320000e-03 
 8.44e+14  2.850000e-03 
 8.19e+14  3.320000e-03 
 8.19e+14  3.550000e-03 
 8.19e+14  5.130000e-03 
 7.40e+14  6.440000e-03 
 6.81e+14  7.400000e-03 
 6.81e+14  1.060000e-02 
 6.81e+14  1.070000e-02 
 6.81e+14  3.890000e-04 
 6.81e+14  1.130000e-02 
 6.81e+14  1.170000e-02 
 6.81e+14  1.530000e-02 
 6.40e+14  1.040000e-02 
 6.40e+14  1.230000e-02 
 5.42e+14  1.930000e-02 
 5.42e+14  1.910000e-02 
 5.42e+14  2.380000e-02 
 4.86e+14  2.230000e-02 
 4.86e+14  2.000000e-02 
 4.57e+14  4.460000e-02 
 4.33e+14  2.970000e-02 
 4.01e+14  2.940000e-02 
 4.01e+14  3.190000e-02 
 3.79e+14  3.210000e-02 
 3.79e+14  3.360000e-03 
 3.36e+14  3.950000e-02 
 3.36e+14  3.710000e-02 
 2.50e+14  2.780000e-02 
 2.43e+14  6.120000e-02 
 2.43e+14  5.910000e-02 
 2.41e+14  7.940000e-02 
 2.40e+14  5.220000e-02 
 2.40e+14  5.220000e-02 
 2.40e+14  6.140000e-02 
 2.40e+14  2.430000e-02 
 1.90e+14  4.510000e-02 
 1.84e+14  1.450000e-01 
 1.82e+14  7.000000e-02 
 1.82e+14  7.010000e-02 
 1.82e+14  4.420000e-02 
 1.82e+14  2.380000e-02 
 1.82e+14  7.720000e-02 
 1.82e+14  3.690000e-02 
 1.82e+14  7.370000e-02 
 1.82e+14  7.200000e-02 
 1.41e+14  3.100000e-02 
 1.41e+14  4.010000e-02 
 1.39e+14  8.000000e-02 
 1.39e+14  7.870000e-02 
 1.38e+14  7.640000e-02 
 1.38e+14  6.940000e-02 
 1.38e+14  4.030000e-02 
 1.38e+14  6.940000e-02 
 1.37e+14  1.230000e-01 
 1.36e+14  4.140000e-02 
 8.93e+13  4.360000e-02 
 8.93e+13  4.320000e-02 
 8.46e+13  4.530000e-02 
 8.46e+13  4.570000e-02 
 6.68e+13  4.150000e-02 
 6.68e+13  4.180000e-02 
 6.51e+13  3.890000e-02 
 6.51e+13  3.910000e-02 
 5.25e+13  1.130000e-01 
 5.25e+13  1.140000e-01 
 5.00e+13  6.930000e-02 
 4.44e+13  1.910000e-01 
 3.82e+13  3.140000e-01 
 3.82e+13  3.150000e-01 
 3.79e+13  5.820000e-01 
 3.75e+13  5.000000e-01 
 3.00e+13  1.470000e-01 
 2.78e+13  1.420000e-01 
 2.54e+13  4.960000e-01 
 2.54e+13  4.970000e-01 
 2.52e+13  6.000000e-01 
 2.50e+13  6.100000e-01 
 2.50e+13  6.400000e-01 
 2.50e+13  4.840000e-01 
 2.14e+13  9.300000e-01 
 2.00e+13  1.120000e+00 
 2.00e+13  7.650000e-01 
 1.98e+13  1.140000e+00 
 1.50e+13  2.150000e+00 
 1.35e+13  3.860000e+00 
 1.35e+13  5.040000e+00 
 1.35e+13  3.860000e+00 
 1.35e+13  5.050000e+00 
 1.28e+13  5.570000e+00 
 1.28e+13  5.570000e+00 
 1.26e+13  8.280000e+00 
 1.20e+13  9.600000e+00 
 1.20e+13  6.970000e+00 
 1.20e+13  8.000000e+00 
 1.20e+13  7.910000e+00 
 1.20e+13  7.920000e+00 
 9.99e+12  2.290000e+01 
 5.77e+12  1.210000e+02 
 5.26e+12  1.340000e+02 
 5.00e+12  1.040000e+02 
 5.00e+12  1.040000e+02 
 5.00e+12  1.030000e+02 
 4.93e+12  1.130000e+02 
 4.76e+12  1.480000e+02 
 3.41e+12  1.510000e+02 
 3.15e+12  1.120000e+02 
 3.00e+12  1.150000e+02 
 3.00e+12  1.120000e+02 
 3.00e+12  1.140000e+02 
 2.52e+12  1.090000e+02 
 2.52e+12  1.170000e+02 
 2.46e+12  1.180000e+02 
 2.07e+12  1.000000e+02 
 1.90e+12  8.450000e+01 
 1.86e+12  8.790000e+01 
 1.86e+12  7.940000e+01 
 1.76e+12  7.710000e+01 
 1.72e+12  7.140000e+01 
 1.62e+12  6.400000e+01 
 1.62e+12  4.110000e+01 
 1.47e+12  5.480000e+01 
 1.47e+12  3.120000e+01 
 1.20e+12  3.010000e+01 
 1.20e+12  2.420000e+01 
 8.57e+11  1.170000e+01 
 8.57e+11  9.800000e+00 
 8.57e+11  1.170000e+01 
 8.57e+11  1.050000e+01 
 8.57e+11  9.740000e+00 
 6.89e+11  2.500000e+00 
 6.67e+11  3.000000e+00 
 6.66e+11  6.290000e+00 
 6.00e+11  3.900000e+00 
 6.00e+11  3.900000e+00 
 3.75e+11  8.250000e-01 
 3.75e+11  1.100000e+00 
 3.53e+11  4.560000e-01 
 3.53e+11  8.320000e-01 
 3.45e+11  4.900000e-01 
 3.45e+11  1.800000e-01 
 2.77e+11  1.520000e-01 
 2.77e+11  5.760000e-02 
 2.73e+11  2.000000e-01 
 2.73e+11  3.300000e-01 
 2.73e+11  3.500000e-01 
 2.73e+11  7.000000e-02 
 2.41e+11  2.160000e-01 
 2.40e+11  2.260000e-01 
 2.39e+11  2.050000e-01 
 2.37e+11  2.040000e-01 
 2.35e+11  1.770000e-01 
 2.33e+11  1.530000e-01 
 2.31e+11  5.030000e-01 
 2.31e+11  1.800000e+00 
 2.31e+11  3.400000e-01 
 2.29e+11  1.940000e-01 
 2.27e+11  2.020000e-01 
 2.26e+11  1.670000e-01 
 2.25e+11  1.650000e-01 
 2.23e+11  1.450000e-01 
 2.22e+11  2.710000e-01 
 2.21e+11  2.180000e-01 
 2.19e+11  2.550000e-01 
 2.17e+11  1.780000e-01 
 2.16e+11  1.600000e-01 
 2.15e+11  1.560000e-01 
 2.13e+11  1.450000e-01 
 2.11e+11  1.770000e-01 
 2.09e+11  1.750000e-01 
 2.07e+11  1.430000e-01 
 2.05e+11  1.350000e-01 
 2.03e+11  1.520000e-01 
 1.83e+11  1.700000e-01 
 1.50e+11  8.810000e-02 
 8.73e+10  3.000000e-02 
 3.25e+10  5.950000e-02 
 8.08e+09  1.700000e-01 
 7.00e+09  1.900000e-01 
 6.70e+09  2.300000e-01 
 6.30e+09  2.000000e-01 
 6.30e+09  2.000000e-01 
 6.20e+09  2.900000e-01 
 6.00e+09  2.200000e-01 
 5.95e+09  1.950000e-01 
 5.70e+09  2.200000e-01 
 5.70e+09  2.000000e-01 
 5.40e+09  2.400000e-01 
 5.29e+09  3.500000e-03 
 5.20e+09  2.300000e-01 
 5.00e+09  2.400000e-01 
 5.00e+09  2.300000e-01 
 5.00e+09  1.920000e-01 
 4.85e+09  2.080000e-01 
 4.85e+09  2.040000e-01 
 4.83e+09  2.240000e-01 
 4.80e+09  1.830000e-01 
 4.70e+09  2.600000e-01 
 4.60e+09  2.400000e-01 
 4.50e+09  2.400000e-01 
 4.40e+09  2.300000e-01 
 4.30e+09  2.500000e-01 
 3.60e+09  2.400000e-01 
 3.50e+09  2.700000e-01 
 3.40e+09  2.800000e-01 
 3.30e+09  2.700000e-01 
 3.20e+09  2.700000e-01 
 2.90e+09  2.700000e-01 
 2.70e+09  2.790000e-01 
 2.70e+09  2.600000e-01 
 2.60e+09  2.800000e-01 
 2.60e+09  2.800000e-01 
 2.50e+09  2.700000e-01 
 2.50e+09  2.900000e-01 
 2.38e+09  3.120000e-01 
 2.00e+09  3.000000e-01 
 1.90e+09  3.000000e-01 
 1.80e+09  3.100000e-01 
 1.70e+09  3.000000e-01 
 1.60e+09  3.100000e-01 
 1.50e+09  2.600000e-01 
 1.42e+09  2.990000e-01 
 1.40e+09  3.020000e-01 
 1.40e+09  3.270000e-01 
 1.40e+09  3.000000e-01 
 1.40e+09  3.200000e-01 
 1.40e+09  3.260000e-01 
 1.20e+09  3.700000e-01 
 1.20e+09  3.300000e-01 
 1.10e+09  3.600000e-01 
 1.10e+09  3.400000e-01 
 3.65e+08  4.350000e-01 
 1.51e+08  4.500000e-01
